0.00165608
0.00184835
0.00391398
0.00247455
0.00260376
0.00277124
0.00326341
0.00316801
0.00406267
0.00554233
0.252824
0.00994702
0.266945
0.0116933
0.245567
0.011948
0.276847
0.265318
0.0116851
0.235525
0.0115571
0.291439
0.24442
0.0262126
0.238958
0.0133031
0.306979
0.258139
0.0302997
0.305354
0.0222152
0.403684
0.234743
0.201327
0.163505
0.145589
0.186107
0.220026
0.194832
0.257055
0.200712
0.229576
0.23745
0.226765
0.215042
0.212957
0.233617
0.163641
0.207381
0.209969
0.188776
0.22283
0.215367
0.128725
0.104186
0.148426
0.256457
0.202474
0.218866
0.192638
0.234331
0.312417
0.252657
0.257254
0.23767
0.196838
0.241127
0.167605
0.269556
0.298324
0.361957
0.170797
0.0818394
0.150906
0.0830888
0.113166
0.13022
0.14553
0.137474
0.148777
0.136332
0.158303
0.125757
0.205737
0.11499
0.12974
0.107221
0.0891822
0.107778
0.136133
0.108208
0.107163
0.10496
0.11919
0.182318
0.136959
0.134261
0.195533
0.207299
0.124488
0.108515
0.119088
0.0958383
0.0968472
0.0946576
0.101977
0.121647
0.0987932
0.0974283
0.150647
0.105253
0.125693
0.139838
0.263307
0.270872
0.153844
0.11975
0.125627
0.185119
0.155844
0.116434
0.128443
0.185233
0.231256
0.12855
0.21744
0.324708
0.261085
0.333762
0.201049
0.139856
0.179838
0.153029
0.130165
0.150962
0.303613
0.148044
0.183385
0.171457
0.266689
0.174645
0.112292
0.13286
0.124143
0.0913194
0.136023
0.102495
0.124579
0.0976594
0.0929211
0.102584
0.10966
0.138606
0.188614
0.278976
0.140592
0.17354
0.181553
0.210653
0.165345
0.195495
0.143975
0.147979
0.13215
0.199203
0.165931
0.131872
0.0996946
0.100539
0.0911085
0.100371
0.0882716
0.100228
0.0915967
0.110474
0.106302
0.11724
0.14965
0.126672
0.126311
0.10996
0.129269
0.0018172
0.00177404
0.00263267
0.00389624
0.00276446
0.00418238
0.00313267
0.00347789
0.00368134
0.00559688
0.252128
0.00881001
0.241982
0.0186586
0.275477
0.010491
0.264314
0.248444
0.0126978
0.253792
0.0279152
0.278711
0.284606
0.0139971
0.242072
0.0139392
0.24882
0.243494
0.0216874
0.246336
0.0231573
0.427052
0.314928
0.253367
0.334932
0.262283
0.157787
0.18238
0.211586
0.407277
0.406753
0.397252
0.390999
0.263734
0.238764
0.221108
0.151089
0.13899
0.208924
0.154762
0.134418
0.308217
0.266439
0.150639
0.106922
0.15244
0.15296
0.226173
0.193093
0.204049
0.207336
0.239711
0.269344
0.254252
0.473758
0.262839
0.216091
0.251785
0.201669
0.252216
0.107672
0.321588
0.158782
0.277314
0.103389
0.0712221
0.244799
0.215103
0.182557
0.192676
0.219047
0.231679
0.141808
0.131011
0.172552
0.29195
0.192503
0.109878
0.166594
0.120893
0.0995156
0.103572
0.123893
0.110861
0.0938705
0.104076
0.157598
0.106706
0.137178
0.123033
0.103842
0.102307
0.102788
0.122053
0.20186
0.140211
0.147748
0.151154
0.115619
0.140047
0.105874
0.150228
0.147772
0.147586
0.151236
0.10192
0.0895552
0.0927554
0.179614
0.179465
0.149279
0.16482
0.112978
0.127591
0.153538
0.122267
0.189427
0.204249
0.195597
0.180522
0.165065
0.164426
0.138755
0.13299
0.136877
0.137791
0.125612
0.132136
0.141207
0.193122
0.113705
0.101595
0.104866
0.125025
0.104241
0.14896
0.1892
0.145049
0.146861
0.182514
0.248898
0.214585
0.118989
0.125516
0.156847
0.142269
0.213046
0.213973
0.122279
0.129753
0.211113
0.235639
0.223958
0.148462
0.0998054
0.113574
0.132972
0.130222
0.15844
0.123972
0.153259
0.182969
0.179363
0.126487
0.113644
0.173855
0.145571
0.121462
0.167333
0.183074
0.245983
0.151156
0.200295
0.110808
0.120075
0.151944
0.134911
0.157247
0.112775
0.119219
0.130024
0.150491
0.157033
0.178084
0.12137
0.129641
0.102546
0.119199
0.113086
0.169398
0.152847
0.165969
0.169963
0.111803
0.165572
0.09398
0.169136
0.0643023
0.0926874
0.0938461
0.151654
0.159837
0.131867
0.0847555
0.0820323
0.081272
0.120976
0.134915
0.146209
0.127082
0.085663
0.0852011
0.0833826
0.125205
0.152655
0.093184
0.080587
0.0672887
0.0796856
0.0813767
0.0804032
0.0837025
0.0827203
0.0870907
0.0856345
0.082937
0.0734808
0.106904
0.104303
0.0677586
0.0649898
0.0885478
0.140593
0.122339
0.10794
0.130543
0.1159
0.16358
0.0920209
0.0923164
0.0961091
0.0749804
0.0997014
0.115524
0.0915107
0.0871862
0.0807849
0.0802666
0.0797908
0.0812187
0.0866198
0.0794352
0.085151
0.110891
0.119536
0.0991922
0.100314
0.0856717
0.0823104
0.0823372
0.0815832
0.0980592
0.11127
0.0967785
0.0884466
0.084547
0.0893205
0.0817409
0.0822741
0.0948089
0.166574
0.11882
0.0903821
0.0659972
0.0854214
0.082935
0.0848613
0.0828196
0.101419
0.142105
0.164669
0.172517
0.169207
0.114385
0.0827353
0.079561
0.0816373
0.0781733
0.0787029
0.0889105
0.0859902
0.0802809
0.0774383
0.0820548
0.0844673
0.0776281
0.107462
0.144022
0.0929126
0.0832576
0.0953922
0.145749
0.11516
0.08691
0.136337
0.0967764
0.0923008
0.164271
0.103573
0.0799619
0.0836197
0.149396
0.113523
0.0678463
0.145427
0.122426
0.0981419
0.0957456
0.153406
0.166508
0.0973149
0.0851623
0.0778517
0.0811521
0.0955994
0.0769331
0.141469
0.122441
0.14239
0.109164
0.104404
0.0750538
0.0816451
0.0831031
0.0817374
0.0780379
0.092234
0.114063
0.0798635
0.105488
0.151244
0.176743
0.117301
0.11986
0.105357
0.163485
0.0978017
0.0745599
0.0734095
0.077764
0.123612
0.0928185
0.144392
0.138029
0.0935057
0.163869
0.0891916
0.105394
0.117636
0.151709
0.147605
0.114251
0.0917379
0.144025
0.130575
0.119081
0.0802282
0.11658
0.0662513
0.0731676
0.0776271
0.076923
0.0923374
0.0910452
0.0945696
0.0810485
0.0896668
0.0931113
0.0917953
0.107718
0.0960285
0.0936256
0.154044
0.100942
0.142179
0.0906218
0.0819611
0.076785
0.15213
0.164646
0.111463
0.0948393
0.0784126
0.0833252
0.135517
0.183796
0.135146
0.0772891
0.0961362
0.101037
0.103057
0.0907661
0.146949
0.0966524
0.120582
0.0892851
0.0856667
0.100096
0.130393
0.0990203
0.124133
0.0878227
0.149042
0.0801204
0.0661192
0.106188
0.0834331
0.129923
0.10728
0.108968
0.109062
0.127634
0.143228
0.104135
0.0834799
0.0990955
0.106817
0.137989
0.0826739
0.125917
0.0976898
0.125854
0.111142
0.149679
0.145279
0.128198
0.112877
0.118045
0.0973739
0.114398
0.143496
0.154251
0.123881
0.189293
0.130483
0.14183
0.144188
0.153702
0.123309
0.185493
0.157073
0.204778
0.183634
0.196325
0.250299
0.16523
0.122586
0.143948
0.134465
0.145069
0.193166
0.200348
0.277747
0.208378
0.194109
0.154663
0.257082
0.257716
0.216582
0.367515
0.236233
0.33108
0.357226
0.363067
0.482371
0.328494
0.296066
0.144526
0.370493
0.140671
0.123955
0.252441
0.249579
0.223128
0.269476
0.263689
0.352123
0.370052
0.2955
0.330938
0.00176042
0.00169379
0.00226719
0.00435985
0.00373393
0.00358217
0.00341092
0.00411638
0.00524523
0.00600643
0.254208
0.0102066
0.271803
0.0111077
0.269499
0.0122873
0.243854
0.254631
0.0135351
0.262957
0.0312912
0.269254
0.27209
0.0188661
0.240528
0.0143953
0.239755
0.244562
0.0217361
0.253494
0.0233842
0.289274
0.267718
0.030508
0.245723
0.020481
0.246161
0.25045
0.0197783
0.287402
0.0199591
0.241818
0.241726
0.0161825
0.24915
0.0170568
0.245738
0.26623
0.0271192
0.263899
0.0195136
0.268891
0.279691
0.0379236
0.288976
0.0235225
0.262615
0.245897
0.0240381
0.257812
0.0150272
0.266989
0.253344
0.0134436
0.250739
0.0100805
0.255945
0.233999
0.00985051
0.236413
0.00790605
0.294919
0.311614
0.0140392
0.238802
0.01039
0.235763
0.234777
0.00805851
0.236906
0.00826057
0.239884
0.237239
0.011742
0.234322
0.026774
0.254404
0.254936
0.00831162
0.234789
0.0088545
0.236404
0.264472
0.0179215
0.312604
0.0204106
0.246736
0.237611
0.0242929
0.259316
0.00839669
0.240899
0.236138
0.0113944
0.270916
0.0113327
0.240386
0.236657
0.00892727
0.237507
0.00879876
0.232025
0.233966
0.00718152
0.233181
0.00699204
0.228924
0.227997
0.0146904
0.242459
0.0189846
0.240307
0.237301
0.00962611
0.249219
0.00901129
0.244037
0.23814
0.0120525
0.259628
0.0143289
0.2447
0.310235
0.0119474
0.253966
0.0441226
0.343377
0.239755
0.0222056
0.287221
0.0176922
0.303504
0.466144
0.0520576
0.301791
0.0153132
0.32945
0.305856
0.0820457
0.33532
0.015586
0.239941
0.245092
0.0185658
0.184424
0.0210667
0.274759
0.258369
0.0254824
0.256127
0.0155079
0.242356
0.312708
0.0374976
0.276457
0.0177615
0.274967
0.375558
0.0144851
0.289929
0.0224252
0.28405
0.240179
0.00746654
0.238629
0.00801116
0.285698
0.294104
0.0273005
0.243181
0.0146472
0.325125
0.253383
0.0129874
0.244287
0.01073
0.233259
0.267312
0.0141806
0.23013
0.00931105
0.243857
0.243454
0.0110507
0.262163
0.0115907
0.23124
0.268993
0.00797554
0.241342
0.00763465
0.292984
0.265317
0.0227381
0.272522
0.00558438
0.259531
0.269949
0.0226131
0.324224
0.00396637
0.00531011
0.0194872
0.00394122
0.0233399
0.0095064
0.021551
0.00521352
0.00415207
0.0234912
0.0065792
0.0310164
0.00906158
0.0132088
0.0147094
0.00440811
0.0101892
0.0153589
0.00592269
0.0102175
0.0234603
0.00673558
0.0134772
0.00522421
0.0122055
0.00411925
0.00932076
0.00516184
0.0211263
0.0113536
0.00715784
0.0112859
0.00537444
0.00409962
0.00539707
0.00435601
0.00512217
0.00527156
0.00481159
0.00526437
0.00429155
0.00608284
0.00523853
0.00425209
0.007261
0.00447586
0.00557642
0.00549526
0.00441628
0.00596376
0.00431843
0.00525941
0.00526276
0.00439135
0.00617796
0.00498354
0.00600504
0.00576178
0.00430663
0.00517399
0.00426326
0.00511596
0.00498284
0.00430621
0.00789117
0.00433646
0.00575668
0.00598974
0.00723145
0.00526053
0.00425097
0.00564982
0.00614493
0.00448214
0.00532757
0.0042692
0.00632735
0.00595587
0.00453718
0.00572567
0.00429874
0.00611085
0.0056221
0.00438297
0.00707808
0.00544791
0.00728516
0.00598429
0.00437375
0.00695663
0.00517204
0.00534294
0.00597256
0.0044614
0.00529587
0.00450778
0.00534818
0.00729047
0.00424594
0.00556001
0.00454123
0.00776651
0.00544365
0.00457825
0.00555274
0.00455632
0.00579069
0.00604694
0.00496398
0.00642213
0.00482081
0.00586647
0.00573852
0.00480265
0.00626582
0.00488289
0.00591124
0.00590733
0.005133
0.00916501
0.00501126
0.00633937
0.00758897
0.00523462
0.00642751
0.00545573
0.0064032
0.00772104
0.00595349
0.00903567
0.00541711
0.00727524
0.00609388
0.00603346
0.00828313
0.00495546
0.00661706
0.00677525
0.00519446
0.006959
0.00586137
0.00756956
0.0109845
0.00534678
0.00660162
0.00597116
0.0102513
0.00602941
0.00486208
0.00819275
0.0054968
0.00665372
0.00761342
0.00492941
0.0057534
0.00497432
0.0064155
0.00711349
0.00644238
0.00597738
0.00531144
0.00773005
0.00615143
0.00525382
0.0113368
0.00580103
0.00948789
0.00990373
0.00654917
0.00675527
0.00489945
0.00728265
0.00653318
0.00496181
0.00636898
0.00503033
0.00636172
0.00630403
0.00570702
0.0062425
0.0077473
0.00683846
0.00668627
0.00495895
0.00661825
0.00526423
0.00603374
0.00621784
0.00501133
0.0110176
0.00606217
0.0100131
0.00689
0.00536389
0.00733908
0.00511805
0.00707606
0.0060285
0.00506616
0.00635997
0.00510813
0.00673153
0.0116747
0.00512985
0.00631024
0.00853302
0.00712634
0.00918394
0.00511281
0.00850061
0.00591585
0.00626247
0.00636891
0.00528804
0.00867801
0.00517783
0.00619521
0.00889319
0.00694664
0.00620695
0.00504157
0.00848762
0.00719702
0.00516806
0.00638714
0.00576667
0.00717998
0.00672608
0.00539595
0.0124194
0.00554269
0.00711265
0.00983989
0.0062814
0.00698184
0.00581423
0.274079
0.256287
0.00948188
0.257953
0.0053898
0.248502
0.230427
0.0110907
0.278593
0.0582943
0.247287
0.23793
0.00953364
0.238834
0.0142662
0.237066
0.246515
0.0230512
0.274161
0.035783
0.286752
0.288896
0.0137052
0.244541
0.0144987
0.242886
0.246805
0.0130839
0.256199
0.0108949
0.0197731
0.0145967
0.0115836
0.249342
0.0142053
0.31111
0.283968
0.0108688
0.248872
0.0126576
0.262779
0.272331
0.0131122
0.253931
0.0134621
0.254713
0.283376
0.0142824
0.271022
0.0150629
0.300418
0.283729
0.0156476
0.251816
0.0161752
0.294185
0.303737
0.0190671
0.274668
0.0191987
0.246683
0.25744
0.0269842
0.260821
0.0229934
0.295512
0.295052
0.0226147
0.288544
0.0187675
0.260539
0.261463
0.0231402
0.276665
0.0146668
0.270663
0.293644
0.0111646
0.250667
0.0102351
0.294405
0.289042
0.0558324
0.2726
0.0229414
0.29035
0.273846
0.0149246
0.000699183
0.000470592
0.000544833
0.000525068
0.000599659
0.0012679
0.00204663
0.000641215
0.000852624
0.000681303
0.00162423
0.00110622
0.00314482
0.00357749
0.000963044
0.00185436
0.000934827
0.00139515
0.00132706
0.00121335
0.00156207
0.00108939
0.00144257
0.00190241
0.00427828
0.00187322
0.000940904
0.00178829
0.00163611
0.00228305
0.00375677
0.00228095
0.0020715
0.00370362
0.00108652
0.00188202
0.00105174
0.00305486
0.00227997
0.00104301
0.00231385
0.00109064
0.00171384
0.0017547
0.00114372
0.00230232
0.00109511
0.00284911
0.00265425
0.00130841
0.00464809
0.00139397
0.00251709
0.00183529
0.00157967
0.245912
0.00161704
0.260562
0.270814
0.00209923
0.240073
0.00202366
0.227183
0.235403
0.00237188
0.255605
0.00229653
0.275771
0.00326467
0.00237028
0.00342942
0.00241603
0.253471
0.228113
0.00230148
0.220845
0.00242741
0.226952
0.223453
0.00223171
0.240759
0.00215356
0.266929
0.22616
0.00215824
0.229506
0.00218639
0.246065
0.256825
0.00280365
0.231418
0.00276153
0.24186
0.236927
0.00292189
0.242882
0.00311828
0.229068
0.272754
0.0921346
0.084986
0.0861242
0.103509
0.10115
0.0921511
0.080249
0.0943517
0.0919715
0.06098
0.0590016
0.0529881
0.0625824
0.127002
0.0869959
0.147396
0.0613687
0.0971149
0.0966117
0.0866343
0.0670098
0.0714507
0.154101
0.206713
0.167834
0.123721
0.0907089
0.165678
0.105462
0.169028
0.148912
0.0716464
0.147206
0.129186
0.0987463
0.134789
0.147304
0.23465
0.143019
0.112795
0.16239
0.139061
0.108178
0.0709014
0.107433
0.0963315
0.090703
0.0758184
0.0943003
0.245804
0.1182
0.105802
0.102862
0.127842
0.0832987
0.0941718
0.0628987
0.113018
0.0829318
0.196716
0.157318
0.111746
0.110702
0.096092
0.15671
0.115403
0.159569
0.0771585
0.204277
0.139994
0.164923
0.122898
0.126103
0.119735
0.221159
0.162405
0.323718
0.254985
0.196325
0.21893
0.111903
0.153148
0.0838176
0.150798
0.160119
0.152601
0.164303
0.130747
0.15768
0.169691
0.113481
0.123824
0.295792
0.2092
0.244952
0.149764
0.13077
0.220613
0.208794
0.187514
0.212807
0.187243
0.197747
0.130319
0.0883489
0.0816483
0.187839
0.139287
0.140671
0.123774
0.125128
0.159309
0.136847
0.169398
0.214062
0.130296
0.196047
0.147209
0.124294
0.199052
0.173659
0.140918
0.152252
0.0962907
0.0989437
0.0911223
0.0937128
0.140129
0.165676
0.16125
0.153318
0.0906696
0.13138
0.0911468
0.0942008
0.143524
0.0870907
0.129977
0.157802
0.0771207
0.0987266
0.0894387
0.191211
0.183948
0.140808
0.157096
0.139527
0.122465
0.113672
0.156618
0.238216
0.310312
0.230457
0.264038
0.122299
0.155271
0.0940935
0.145872
0.103484
0.160443
0.129939
0.182319
0.101166
0.175005
0.174567
0.108859
0.114092
0.127036
0.136912
0.193934
0.22244
0.211617
0.203927
0.11756
0.136282
0.217537
0.202954
0.272824
0.257465
0.247305
0.0932593
0.166685
0.0673811
0.0934965
0.234211
0.164899
0.203498
0.231999
0.206111
0.169732
0.209029
0.273038
0.191067
0.164713
0.26181
0.229257
0.167492
0.200395
0.166558
0.246231
0.248909
0.230614
0.272322
0.225066
0.157324
0.163308
0.167124
0.15084
0.158571
0.158533
0.244737
0.163502
0.0807501
0.11783
0.147774
0.182307
0.0951669
0.138393
0.0825603
0.134329
0.0753479
0.0626812
0.140539
0.100165
0.174665
0.192868
0.208285
0.23336
0.12708
0.170338
0.0903553
0.126143
0.136687
0.148147
0.123232
0.24167
0.234705
0.18615
0.119514
0.21491
0.16483
0.186546
0.241711
0.136188
0.143147
0.176921
0.114554
0.141593
0.142046
0.125666
0.176072
0.166178
0.23862
0.122563
0.317806
0.133099
0.0608555
0.0593089
0.133899
0.191498
0.165878
0.193688
0.177232
0.0960198
0.136419
0.105998
0.171383
0.103844
0.0761848
0.113085
0.118612
0.102593
0.126826
0.210224
0.298021
0.209032
0.17441
0.0941366
0.110651
0.13665
0.152585
0.0803918
0.125527
0.188208
0.0871962
0.101044
0.10165
0.111456
0.0879053
0.132152
0.0985923
0.195568
0.139067
0.153077
0.0854757
0.0932897
0.116253
0.108181
0.115308
0.0926593
0.0844243
0.0582692
0.0678278
0.0771606
0.0504043
0.0758333
0.117069
0.0877637
0.0966721
0.0628391
0.069762
0.112738
0.0963629
0.053858
0.0878561
0.0806006
0.063157
0.0543932
0.0606176
0.0745044
0.0617613
0.0795136
0.0647442
0.0556966
0.0938821
0.119377
0.118334
0.101239
0.0535689
0.106423
0.049273
0.0928518
0.053083
0.093989
0.0744399
0.0638517
0.0958561
0.0771862
0.0822665
0.0804347
0.0863038
0.0735662
0.0648756
0.0686387
0.0983665
0.0676308
0.106432
0.102139
0.126903
0.10821
0.0945841
0.115797
0.086348
0.113561
0.0926873
0.108606
0.0799875
0.0833031
0.104898
0.145098
0.153607
0.111531
0.16779
0.163992
0.114821
0.252148
0.150167
0.112191
0.134899
0.103605
0.104881
0.0783287
0.112863
0.0821278
0.101513
0.145627
0.138078
0.166476
0.175178
0.130456
0.0995715
0.0973583
0.0570689
0.11007
0.17178
0.169049
0.171956
0.106555
0.097742
0.0901277
0.0901692
0.0925634
0.0832444
0.103413
0.148592
0.0978232
0.0893373
0.0898156
0.126779
0.107855
0.145303
0.116395
0.102546
0.107745
0.123255
0.0676014
0.107124
0.0735021
0.134687
0.126402
0.124977
0.0820038
0.145919
0.0662573
0.103201
0.114402
0.0607975
0.0718004
0.079325
0.0953477
0.112506
0.0653913
0.0987587
0.126725
0.112484
0.0875576
0.0934578
0.09779
0.0555233
0.0857382
0.117626
0.0994933
0.128993
0.128726
0.196535
0.147662
0.153953
0.162389
0.140146
0.145633
0.114498
0.132436
0.153802
0.112421
0.0765644
0.120841
0.117428
0.149302
0.12729
0.0778826
0.126516
0.162097
0.15532
0.102042
0.0927031
0.140183
0.155372
0.0949982
0.0984217
0.105335
0.123296
0.165873
0.127864
0.160519
0.130234
0.094833
0.0887878
0.103568
0.0670247
0.0641988
0.0861331
0.0843478
0.0809981
0.108608
0.122253
0.0874922
0.174887
0.147102
0.163127
0.155105
0.124675
0.14036
0.000488061
0.000301789
0.000304514
0.000441196
0.000374426
0.000391677
0.000392865
0.000420382
0.000434561
0.000589122
0.00131269
0.00472883
0.00070541
0.00107963
0.00375278
0.000742846
0.00115862
0.000770713
0.00110624
0.00143003
0.000828752
0.00139036
0.000798859
0.00127714
0.00245154
0.000826378
0.00220577
0.00079837
0.00126464
0.00122881
0.000828473
0.0014046
0.000852778
0.0012367
0.0013606
0.000920525
0.00169822
0.00192877
0.0015452
0.00134559
0.00096264
0.00189218
0.000960755
0.00308048
0.00174544
0.00134943
0.00190286
0.0015424
0.00181283
0.00186592
0.0017652
0.00221129
0.00161762
0.00199938
0.249795
0.00189015
0.230744
0.00285475
0.187233
0.228441
0.00217378
0.259335
0.00220018
0.247864
0.356132
0.0863389
0.0904131
0.101208
0.0613509
0.0800977
0.0739389
0.0724377
0.0689213
0.0699835
0.0707156
0.0740318
0.0697546
0.0775341
0.0778299
0.0981188
0.0826014
0.0514612
0.0685733
0.111635
0.113654
0.113357
0.0650487
0.0732858
0.0741221
0.0646949
0.0609027
0.0692962
0.136135
0.096274
0.106299
0.084177
0.0725697
0.0609733
0.0884543
0.123893
0.0872815
0.0594222
0.155323
0.107423
0.095733
0.104062
0.135458
0.113124
0.0768442
0.123842
0.0626698
0.0879661
0.11533
0.0685847
0.0832797
0.172888
0.103266
0.126913
0.0774941
0.116107
0.113107
0.159464
0.131005
0.145664
0.105672
0.182352
0.148082
0.0964183
0.103251
0.110433
0.116324
0.0795966
0.101584
0.146652
0.110928
0.0821318
0.120192
0.0622981
0.112007
0.120703
0.092046
0.139168
0.0611172
0.0978282
0.0798466
0.111623
0.0702024
0.0882713
0.0776954
0.0690445
0.108652
0.0521237
0.103678
0.13853
0.0732679
0.0643238
0.0717705
0.0625672
0.08764
0.0690652
0.0808691
0.119294
0.0638103
0.125404
0.101137
0.114502
0.0748087
0.0964579
0.0980788
0.0706683
0.0773166
0.0941576
0.0623424
0.066703
0.0800525
0.0586173
0.0631355
0.0892548
0.137996
0.106627
0.103174
0.109596
0.12486
0.0956327
0.0722366
0.100018
0.116008
0.0818397
0.0837178
0.177308
0.100613
0.0829006
0.114173
0.0887597
0.0711055
0.0874046
0.115126
0.0989458
0.153952
0.0698264
0.0784753
0.0773222
0.0816884
0.168759
0.12029
0.0893635
0.106959
0.119747
0.101305
0.138732
0.168855
0.144653
0.136997
0.106142
0.0924505
0.108403
0.147338
0.0929687
0.0611515
0.135274
0.102686
0.10814
0.0960282
0.0926468
0.0570289
0.112491
0.0797385
0.101633
0.0729765
0.0862397
0.0814857
0.0716611
0.134691
0.0915894
0.130029
0.0898329
0.201982
0.133267
0.16367
0.140004
0.218445
0.144835
0.122121
0.131292
0.118479
0.157019
0.213696
0.148583
0.147073
0.123883
0.0714952
0.110793
0.147677
0.209065
0.125907
0.106593
0.155542
0.083566
0.124301
0.0891263
0.100213
0.139057
0.122474
0.159311
0.121708
0.122464
0.172769
0.158313
0.103147
0.190157
0.0922729
0.0772605
0.10655
0.0985571
0.11448
0.0808169
0.127608
0.152967
0.223851
0.114699
0.11316
0.123345
0.117452
0.137483
0.16164
0.17987
0.269099
0.0925491
0.141672
0.17018
0.126094
0.120338
0.244218
0.0985452
0.137567
0.164882
0.122211
0.17182
0.17053
0.0660922
0.154787
0.233405
0.114625
0.121131
0.111631
0.151236
0.184069
0.189627
0.18115
0.169612
0.123817
0.190834
0.179797
0.10276
0.0883251
0.134042
0.116622
0.0880046
0.157948
0.0825854
0.0821495
0.145726
0.0840495
0.0885246
0.111105
0.0968756
0.0873703
0.109476
0.165606
0.0911383
0.149868
0.111078
0.140464
0.088336
0.131914
0.109411
0.140265
0.121535
0.161519
0.141582
0.183821
0.161515
0.0939824
0.126507
0.130317
0.158873
0.0737616
0.138334
0.15863
0.110767
0.124875
0.164602
0.158144
0.0944337
