0.00471485
0.00308182
0.00254432
0.00231336
0.00321808
0.00298272
0.00941246
0.00339807
0.00338012
0.00307512
0.00368595
0.0037861
0.00378687
0.00762026
0.00364866
0.00459843
0.00347084
0.00406966
0.00473637
0.00425837
0.00253706
0.00303196
0.00280413
0.00273017
0.00302553
0.00346414
0.00301324
0.00333877
0.00290478
0.00302469
0.00322667
0.00301785
0.00309991
0.00297846
0.00291567
0.002436
0.00315753
0.00295318
0.00549561
0.00372611
0.00355884
0.00243691
0.00217472
0.00255229
0.00286734
0.00272843
0.0032764
0.00272724
0.00270524
0.00517127
0.00474614
0.00277326
0.00357665
0.00496908
0.00343229
0.00402203
0.00297112
0.00327116
0.00435608
0.00342565
0.00361653
0.00765616
0.0036893
0.00324623
0.00329065
0.00375216
0.00473162
0.00435412
0.00969294
0.00479308
0.0039436
0.00404459
0.00422827
0.00930581
0.0034765
0.00399947
0.00687435
0.00390958
0.00481438
0.00371535
0.00417247
0.00364879
0.00411331
0.00443814
0.00534685
0.00435098
0.00475955
0.00831483
0.00391154
0.00380245
0.0059477
0.00390868
0.00837748
0.00569291
0.00528811
0.00468811
0.00463237
0.00419202
0.00459522
0.00908483
0.00437801
0.0040566
0.00470899
0.00463091
0.00494023
0.00503333
0.0061165
0.0040346
0.0046668
0.00497948
0.00666713
0.00427059
0.00879478
0.00621421
0.00463447
0.00717083
0.00498074
0.00667866
0.00502698
0.00469132
0.00448794
0.0040522
0.00526199
0.0046175
0.00441384
0.00820113
0.00543122
0.00641361
0.00496475
0.00587869
0.00527247
0.00511288
0.00358636
0.00435901
0.00411652
0.00452279
0.00436698
0.00461589
0.00390246
0.00482011
0.00699231
0.00510387
0.00650238
0.00458544
0.00519948
0.00443717
0.00463985
0.00446035
0.00475704
0.00416863
0.00620527
0.0039598
0.00552376
0.00623516
0.0107085
0.0107597
0.00582785
0.00597305
0.00585627
0.00689202
0.0078066
0.00594015
0.00976397
0.00545203
0.00634544
0.00585488
0.00595391
0.00767082
0.00646725
0.00766908
0.00612593
0.00607704
0.0075516
0.00834954
0.00566889
0.00654645
0.00894578
0.00642709
0.00635306
0.00840081
0.00629753
0.00702765
0.00715861
0.00711594
0.00454591
0.00231699
0.00378136
0.00238027
0.00538429
0.00276321
0.00244515
0.00241177
0.00277173
0.0023466
0.00226181
0.00339821
0.00226894
0.00444254
0.00256611
0.0030842
0.00242762
0.00880568
0.00322186
0.00203392
0.00245618
0.00284045
0.0021683
0.00226195
0.00312596
0.00284136
0.00248147
0.00670198
0.00270293
0.00275944
0.00281119
0.00267039
0.00252707
0.00251855
0.00571471
0.00283228
0.00286434
0.00278346
0.00276181
0.00266829
0.00219344
0.0022526
0.0022431
0.00228451
0.00924826
0.00252086
0.0046682
0.00329135
0.00316703
0.00330448
0.00443661
0.00287237
0.00322521
0.00286825
0.00281615
0.00301184
0.00297266
0.00374867
0.00233738
0.00382668
0.0030094
0.00293069
0.00261514
0.00281182
0.00246023
0.00270943
0.00319182
0.00461435
0.00289276
0.00274093
0.00290422
0.00292224
0.00342656
0.00286161
0.00268897
0.00321815
0.00301282
0.00297958
0.00291993
0.0113081
0.00343173
0.00318945
0.00505289
0.00786163
0.00375719
0.00328346
0.00302525
0.00630459
0.00353551
0.00551594
0.00382934
0.00797813
0.00411611
0.0033908
0.0035573
0.00390274
0.0111364
0.00361059
0.00618167
0.00409243
0.00458293
0.00366709
0.00349696
0.0034649
0.00358622
0.00424203
0.00357267
0.00313749
0.00620234
0.00400729
0.00378541
0.00358943
0.0039114
0.00556762
0.00607655
0.00431788
0.00426829
0.0083668
0.00722
0.00426787
0.00669884
0.00734997
0.00474964
0.00378233
0.00414034
0.00421158
0.00398082
0.00384352
0.00415424
0.00380105
0.00959517
0.00434498
0.00367827
0.00836309
0.00413594
0.00475732
0.00711971
0.00494848
0.00489805
0.00826112
0.00908078
0.00902666
0.0050267
0.00526611
0.00515388
0.00496663
0.00817599
0.00496824
0.0050994
0.00557907
0.0054637
0.00927725
0.00515451
0.00449018
0.00560303
0.00878137
0.00468496
0.00541194
0.0071892
0.00589602
0.00458684
0.00507545
0.00430377
0.00445092
0.0048046
0.00515933
0.00461596
0.00460367
0.00560785
0.00964238
0.00563104
0.00729857
0.00478931
0.00559458
0.00482702
0.00626268
0.00441831
0.00446531
0.005356
0.00469446
0.00490413
0.00584259
0.00492089
0.00896478
0.00549177
0.00505463
0.00426305
0.00508152
0.00686304
0.00586724
0.00488764
0.00609353
0.00474964
0.00835408
0.00476458
0.00657138
0.00476884
0.00626603
0.00931852
0.00476619
0.00581137
0.005777
0.00508341
0.00586549
0.00406889
0.00494757
0.0048669
0.00462015
0.00453027
0.00552648
0.00483806
0.00467288
0.00449744
0.00589839
0.0075206
0.00496566
0.00446455
0.00668948
0.00575012
0.00831127
0.00422778
0.00408335
0.00673223
0.00385406
0.00385204
0.00393689
0.004014
0.00329491
0.00359844
0.00452
0.0037405
0.00465354
0.00464271
0.00367918
0.00393005
0.00628629
0.00419349
0.00374734
0.00340931
0.00375335
0.00352176
0.00386789
0.00351288
0.00370006
0.00328485
0.00715581
0.00364719
0.00388821
0.00344577
0.0052094
0.00432884
0.0105204
0.00341469
0.00671784
0.00383038
0.00368421
0.00347817
0.00620499
0.00437801
0.00359928
0.00415256
0.00363902
0.00593247
0.00466897
0.00727992
0.00384805
0.00384526
0.00935505
0.00698701
0.00444198
0.00427583
0.00453606
0.00427835
0.00439526
0.00494282
0.00464907
0.00468455
0.00473399
0.00529726
0.00608075
0.00469691
0.00526583
0.00539106
0.00802597
0.006692
0.00601433
0.00748512
0.00467281
0.00492864
0.00568167
0.00776839
0.0052034
0.00473637
0.00823598
0.00560394
0.00455031
0.0141324
0.00524272
0.00541439
0.00560387
0.00977375
0.00879052
0.0055642
0.00555337
0.00941721
0.00507517
0.0114729
0.00993976
0.00965446
0.00629984
0.0102849
0.00550756
0.00900096
0.00734865
0.00509242
0.00646103
0.00497571
0.0049146
0.0053106
0.00932781
0.00543785
0.00904216
0.00499192
0.0051543
0.00581898
0.00967528
0.00548493
0.0047643
0.00565304
0.0050392
0.00534392
0.00538031
0.00581814
0.00548989
0.0075236
0.00588254
0.00779759
0.00548975
0.00516408
0.0070199
0.00586829
0.0056897
0.00626918
0.00743001
0.00719472
0.00619333
0.00600518
0.00570814
0.00610652
0.00596013
0.00874352
0.00757291
0.0058773
0.00921733
0.0119416
0.00695376
0.00678859
0.00596718
0.00611839
0.00558222
0.00593757
0.00628447
0.00959503
0.00625339
0.00697932
0.00623642
0.00690208
0.00604282
0.00902722
0.00688539
0.00872711
0.00612454
0.0075354
0.010406
0.00660134
0.00772537
0.00705182
0.00633553
0.00658905
0.00686437
0.00710818
0.00994877
0.00702598
