0.0777684
0.0263356
0.0237009
0.023389
0.0201106
0.0154217
0.0173729
0.0157635
0.0176432
0.0170149
0.0172856
0.0164032
0.0150542
0.0154308
0.0169617
0.0183887
0.0161772
0.016156
0.0157584
0.0169993
0.0172355
0.0174601
0.0177271
0.0180239
0.0173919
0.0172302
0.0161689
0.018446
0.0164269
0.0161784
0.0162751
0.0182931
0.0161165
0.0361818
0.0151693
0.0166216
0.0165745
0.01785
0.01618
0.0277821
0.0150476
0.0148529
0.0289982
0.0198069
0.0163177
0.016351
0.0169486
0.0365755
0.0356019
0.0189397
0.0198405
0.0159975
0.0154706
0.0165206
0.0173995
0.0152536
0.0155085
0.0167863
0.0163615
0.0155716
0.0173964
0.0152486
0.0170213
0.0147828
0.014546
0.0174674
0.0185758
0.019227
0.0317772
0.0296419
0.0173374
0.0175609
0.0179332
0.015787
0.0160999
0.0360653
0.019707
0.0166473
0.0181883
0.0287284
0.0187344
0.0159873
0.0166837
0.0141784
0.0203167
0.015573
0.015737
0.0179684
0.0152794
0.0183131
0.0154236
0.0170552
0.0165368
0.0163858
0.0179071
0.0166325
0.017245
0.0337021
0.016143
0.0169701
0.0171033
0.0163705
0.0183604
0.0169792
0.0196866
0.0170097
0.0159174
0.0210631
0.0176374
0.017896
0.0377538
0.0375737
0.0175568
0.0181595
0.0186163
0.0193467
0.0305523
0.0460127
0.0279907
0.0407058
0.0174152
0.0187974
0.0203568
0.0178238
0.0391181
0.0178593
0.0201156
0.0181188
0.0200587
0.0192634
0.019061
0.0189226
0.0216993
0.0222016
0.0185474
0.0243752
0.0210168
0.022218
0.0182321
0.0178724
0.041548
0.032538
0.0359304
0.040242
0.0319711
0.0312777
0.0198245
0.0340016
0.036033
0.0426704
0.0355683
0.0301179
0.0354981
0.0344161
0.0509094
0.0315239
0.0358637
0.0358723
0.0234853
0.0243252
0.0211365
0.0226207
0.0376851
0.0196045
0.0328014
0.0315758
0.0319799
0.0260444
0.0192324
0.0201489
0.0172168
0.0181237
0.0201182
0.0176374
0.0191596
0.0337102
0.0301362
0.0193635
0.0191311
0.0192775
0.0172724
0.035156
0.019617
0.0193864
0.0195465
0.0184549
0.0186305
0.018287
0.0191089
0.0208675
0.0185341
0.0185524
0.0306222
0.0187741
0.0318949
0.0326631
0.0172293
0.0261681
0.0184628
0.0187559
0.0200167
0.0189885
0.0202444
0.0187803
0.0187914
0.0209508
0.0253779
0.0166739
0.0186951
0.0180343
0.0211432
0.0204711
0.0174433
0.0230089
0.0174348
0.0175043
0.0258223
0.016664
0.0188658
0.0215984
0.0189567
0.0193996
0.0174654
0.0192655
0.0190151
0.0220486
0.0192196
0.0191657
0.0185925
0.0192726
0.0210265
0.0319936
0.0315165
0.031205
0.0180452
0.0232668
0.0281621
0.0208681
0.0188532
0.0199562
0.0321891
0.0182879
0.0198633
0.0204774
0.0186592
0.0197826
0.0414371
0.0167895
0.0185761
0.0194577
0.0177859
0.019397
0.0334918
0.0381632
0.0204962
0.0196101
0.0176237
0.0188245
0.0188145
0.0177825
0.028462
0.0182161
0.0202383
0.0202927
0.0191984
0.0157879
0.0176466
0.0140495
0.0149796
0.0150481
0.0165496
0.0261394
0.0154373
0.0162934
0.0160229
0.0168156
0.0147725
0.0158807
0.0142371
0.0172446
0.0173344
0.0147535
0.0182634
0.0306199
0.0134348
0.0140083
0.0151828
0.0156885
0.0160575
0.0161966
0.0146994
0.0140912
0.0159897
0.0163109
0.0181844
0.0171768
0.0154604
0.0177877
0.0207063
0.0209968
0.0171922
0.019368
0.0164223
0.0139381
0.0177101
0.0159489
0.0156972
0.0219919
0.0281353
0.0319846
0.0368898
0.0324011
0.019992
0.0160803
0.0149363
0.0149628
0.0311677
0.0159144
0.0153982
0.016906
0.016562
0.0140854
0.0155469
0.0140942
0.0195603
0.0154518
0.0167818
0.0273058
0.0319041
0.0345968
0.0357927
0.0175864
0.0148093
0.0142656
0.0319955
0.0151072
0.0346883
0.0311457
0.0273279
0.0343207
0.0402265
0.0378847
0.0288634
0.0183445
0.0180186
0.0189755
0.0167507
0.0176114
0.0361477
0.0352171
0.0166704
0.0190603
0.0202192
0.0187817
0.0357765
0.0303831
0.0198291
0.0187145
0.0182124
0.0210053
0.0186633
0.0190363
0.0248107
0.0311479
0.0398001
0.032238
0.0382513
0.0343553
0.0220041
0.0191943
0.0188142
0.0192825
0.019394
0.0203183
0.0194259
0.0201298
0.0187945
0.0211553
0.0212087
0.0210721
0.0213785
0.027779
0.0357548
0.0388465
0.0213615
0.0208527
0.0181771
0.0198358
0.0198528
0.0429607
0.0391619
0.0196663
0.0234028
0.0289303
0.0216389
0.0405079
0.043928
0.0391496
0.0390278
0.0400819
0.0430543
0.0368469
0.0410763
0.0352696
0.0284015
0.0216877
0.0216238
0.0341552
0.0356419
0.0338482
0.0353406
0.0319171
0.0228622
0.0221759
0.0230454
0.0222954
0.0250715
0.0424798
0.0407594
0.0371683
0.0395499
0.0421512
0.0407435
0.0347585
0.0408322
0.0169516
0.0240938
0.03082
0.0159335
0.017421
0.0309533
0.0406246
0.0196724
0.0372285
0.0175118
0.0312919
0.0349872
0.0147352
0.0165113
0.0376579
0.0299335
0.0169579
0.0160892
0.0166176
0.0159682
0.0176945
0.0337088
0.0307105
0.0390967
0.0431403
0.0311619
0.0203141
0.0344867
0.0398685
0.0382304
0.0384085
0.0335953
0.0415354
0.032289
0.0334806
0.0238504
0.0244744
0.0208794
0.0207968
0.0195491
0.0240873
0.0429166
0.0296712
0.0384116
0.0355188
0.0194126
0.0360506
0.0193558
0.0239818
0.0185501
0.0203864
0.0199019
0.0184095
0.0203336
0.0188432
0.0594967
0.0369823
0.0205734
0.0201168
0.0204487
0.0228195
0.0207232
0.024618
0.0233571
0.0437375
0.0428483
0.0212846
0.0209951
0.0318899
0.0365456
0.0221779
0.0472032
0.0476949
0.0361836
0.0423744
0.029415
0.0528972
0.03698
0.0363487
0.0222362
0.0345969
0.0359937
0.0199243
0.0388916
0.0338032
0.0365911
0.0196929
0.0357917
0.0250708
0.0399456
0.0403404
0.0320702
0.047134
0.0334319
0.0388618
0.038923
0.0443552
0.0411637
0.0406144
0.0400315
0.0324755
0.0237372
0.0252628
0.0252009
0.0224827
0.0456583
0.0397406
0.0397689
0.0364566
0.0414598
0.0361406
0.0471135
0.0362336
0.0386211
0.0306316
0.0235299
0.0224899
0.0434986
0.0454308
0.0304754
0.0228355
0.0363332
0.0246759
0.0242637
0.0447937
0.038454
0.0396989
0.0258029
0.0357184
0.0358459
0.027466
0.0269585
0.0242481
0.0248871
0.0444602
0.0191825
0.0257466
0.0222854
0.0506073
0.0224191
0.0220394
0.0375481
0.0430661
0.0503384
0.0276353
0.0425083
0.0401796
0.0403506
0.0240887
0.0262422
0.0401102
0.0377119
0.0232826
0.0237704
0.0242013
0.0592267
0.0402084
0.0257555
0.0416193
0.0297197
0.0243124
0.028286
0.033269
0.037417
0.0251202
0.0226659
0.0270498
0.0397015
0.0265632
0.0247284
0.0233116
0.0399845
0.0400894
0.0344299
0.0369674
0.0384325
0.0234919
0.0273472
0.0487567
0.0238064
0.0327168
0.0448538
0.0280198
0.0393064
0.023448
0.0219938
0.0224735
0.0233561
0.0246728
0.024107
0.0231948
0.0232382
0.0411135
0.0370169
0.0433434
0.0223783
0.0240346
0.0251481
0.0250233
0.0254918
0.0221406
0.0217009
0.0235508
0.0235726
0.023963
0.039338
0.0360367
0.0226214
0.0277183
0.0209314
0.0241673
0.0264742
0.0196392
0.0213588
0.0381616
0.0269919
0.0237038
0.0225777
0.0219192
0.0191566
0.0210871
0.0214343
0.0194631
0.0186578
0.0355005
0.0212222
0.0428685
0.0208709
0.032686
0.0417263
0.0318487
0.0187165
0.0318863
0.0400662
0.0405092
0.0413677
0.0335221
0.0418231
0.0361942
0.0357233
0.035863
0.038914
0.0378149
0.0384462
0.0215215
0.0201712
0.0382758
0.0423201
0.0350736
0.0393365
0.035485
0.0240118
0.0429889
0.0400968
0.0361361
0.0335091
0.0395051
0.0333589
0.022496
0.0359168
0.0353081
0.0352966
0.0429812
0.0466825
0.0437022
0.0357673
0.0381741
0.0294484
0.0244052
0.0374049
0.0314035
0.0240557
0.0389988
0.0405177
0.0396225
0.0483955
0.0437789
0.0263862
0.0416743
0.0254675
0.0277586
0.0446479
0.0254756
0.0469598
0.047879
0.0401799
0.036789
0.0251076
0.0349441
0.0368648
0.033596
0.0405375
0.0406469
0.0240101
